36	16	-4.5	46.5	70	5
17	6	-3	52	72	0
10	26	-1	42.5	78	0
33	20	-7	47	77	7
19	14	-3.5	51	72	0
34	17	-8	55	70	6
30	27	-3	44.5	82	12
6	34	-3	44	77	5
14	20	-3.5	46.5	89	13
18	17	-6.5	40.5	80	3
35	14	-10	51.5	80	6
26	6	-5.5	41	72	6
29	10	-3	43	72	0
24	7	-5.5	37.5	79	7
24	10	-3	47	72	0
26	24	-6.5	47	72	0
24	17	-2.5	44.5	80	0
31	24	-1	43	61	4
7	30	-1	43.5	68	7
14	25	-5.5	49	68	4
14	30	-4.5	49.5	62	5
30	21	-13	49	82	14
20	28	-7	46.5	63	11
17	19	-3.5	49	65	11
10	26	-1	41.5	71	5
41	10	-3	42	73	10
27	30	-4.5	45	85	6
56	14	-7	47.5	73	9
23	14	-4	37.5	78	0
10	22	-3	49.5	77	6
19	37	-5	43	67	4
33	7	-3	54	72	0
21	23	-6.5	47	72	0
19	7	-3	41	72	0
17	44	-2.5	45.5	72	16
15	34	-3	42.5	74	3
16	9	-6.5	44.5	79	14
20	9	-2	43	69	19
30	17	-1.5	52	72	0
37	34	-6	45	85	5
26	20	-6	42.5	84	8
31	34	-14	47	78	7
19	27	-10	49.5	72	0
14	45	-1	41.5	76	0
38	10	-4	50	76	4
17	38	-4	48	83	6
38	17	-1.5	45	72	0
23	17	-1.5	45	56	4
41	17	-3	44.5	63	7
41	28	-3.5	42	79	0
17	24	-2	51	78	6
14	38	-3	54	72	0
24	27	-3	44	86	4
33	14	-7.5	46	72	0
26	21	-5.5	47.5	80	8
41	14	-2	44	85	6
42	10	-4	41	68	6
31	24	-7.5	45	73	6
20	17	-13	44.5	72	7
41	20	-3.5	49.5	75	7
14	17	-3	45.5	72	3
20	13	-8.5	46.5	63	7
9	17	-1.5	47	63	7
43	17	-5	48	72	0
37	31	-8	47.5	72	8
30	20	-4.5	43.5	72	0
34	28	-2.5	49.5	72	0
31	0	-6	47.5	73	4
22	17	-2.5	46.5	35	0
28	29	-11	48	72	0
17	27	-4	50.5	61	6
28	33	-3.5	48	60	6
30	20	-7	44.5	83	6
13	27	-4	43.5	88	6
22	37	-1	44	71	13
37	37	-7	46	63	11
31	10	-2.5	46	77	3
24	27	-5	46.5	72	0
3	17	-3.5	56	72	0
17	31	-1	44.5	59	3
28	31	-7	44	62	6
27	0	-2.5	46.5	64	7
23	30	-1.5	47	88	12
17	48	-1	43	61	20
16	14	-10	47.5	64	3
17	31	-7	44	86	7
27	25	-1	51	57	5
29	7	-10	47	66	5
17	16	-3.5	44.5	87	4
14	27	-4	42.5	74	7
31	21	-3.5	44.5	72	0
42	17	-9.5	44.5	63	5
24	23	-7	50	57	0
38	17	-7	43	45	8
27	0	-3	48	55	12
24	6	-5	47	72	0
13	24	-7	48.5	63	0
20	23	-1.5	46.5	72	0
28	26	-6.5	49.5	53	11
19	17	-3	50.5	72	0
30	23	-4	45	74	10
35	21	-3.5	46.5	70	14
24	20	-3	46	71	6
21	22	-7	43.5	72	0
9	13	-6	46.5	57	16
27	24	-3	44.5	51	8
23	13	-9	51	61	3
13	27	-1	48.5	72	0
34	7	-3.5	45.5	58	13
51	23	-6	45	81	11
44	23	-2.5	44.5	67	5
23	43	-6.5	44.5	54	9
51	34	-7	42	81	0
13	19	-7.5	44	85	13
16	30	-6	52	57	14
17	20	-2	55.5	72	0
10	28	-3	40.5	61	19
33	23	-5	48.5	56	7
22	17	-1	43	78	7
17	28	-3.5	43	79	5
21	31	-9.5	49	72	0
24	10	-3	49	53	3
37	0	-10	43.5	46	4
29	26	-7	44	42	8
43	21	-1.5	45	64	0
43	23	-1.5	48.5	71	8
10	13	-9.5	41.5	64	20
30	24	-3	45	69	5
24	40	-1	44	54	12
3	24	-3	53	41	18
31	14	-2.5	48	37	5
21	7	-10.5	44	64	10
13	17	-13.5	44	56	7
20	16	-3	51.5	53	8
55	14	-6.5	46	43	0
17	31	-7	43.5	72	0
24	27	-10.5	44	57	0
20	13	-2	42	41	11
17	41	-3	43	72	0
38	17	-9.5	54	32	6
17	27	-7.5	45	50	3
45	21	-6	49.5	72	0
22	9	-4.5	47	57	9
14	6	-13	51	69	7
17	19	-9	45	56	0
21	13	-3.5	47	66	5
7	23	-7	48.5	49	0
53	20	-4	41	71	0
20	42	-1	41.5	72	0
24	20	-2.5	47	52	3
10	27	-2.5	46.5	32	10
10	16	-4.5	42	34	7
13	6	-4.5	55.5	27	9
22	7	-3	59	72	0
7	27	-1	43.5	21	10
24	27	-8.5	51.5	72	0
24	20	-4	45	43	4
24	26	-10.5	45.5	71	7
21	13	-8	50	72	0
39	36	-6.5	46	46	7
13	22	-7	46	25	0
23	3	-7.5	42	55	11
21	24	-3	48.5	72	0
34	9	-4	46.5	53	10
28	31	-6.5	47.5	36	7
43	24	-3	44.5	76	14
27	24	-13	49.5	72	0
17	13	-7.5	49.5	46	6
19	3	-7.5	47.5	61	6
38	3	-4	49	48	0
27	34	-11	49	53	6
10	33	-4	43.5	72	3
34	17	-9	44	63	4
3	19	-7.5	41.5	57	6
29	18	-2.5	42.5	72	0
33	34	-2.5	50.5	72	0
26	10	-3	57	57	0
26	21	-7.5	46	72	0
45	21	-1	40.5	58	0
49	27	-1.5	45	72	0
25	24	-6.5	46	58	0
16	29	-3	42	57	11
31	13	-3	58	23	7
32	35	-7	42.5	78	10
52	0	-7.5	49	72	0
13	14	-3	44	72	7
13	16	-1	49.5	25	12
28	41	-2.5	41.5	15	15
17	14	-3.5	54.5	61	12
21	42	-6.5	43	72	0
24	25	-6	43.5	76	7
24	17	-6.5	41.5	43	9
34	17	-3.5	50	34	6
13	27	-2.5	41	72	0
13	28	-3	47.5	42	3
30	24	-3	50	38	11
10	41	-9	47	55	3
24	13	-10.5	42	72	0
14	24	-6.5	42	58	9
14	23	-3	45	77	12
7	36	-4.5	40	34	11
0	24	-8.5	50.5	72	0
43	37	-8	40.5	61	2
6	12	-1.5	48	39	6
20	27	-4	54	64	2
20	12	-3	46.5	47	7
21	13	-2.5	44.5	46	10
19	17	-13.5	55	32	4
0	30	-6	40.5	72	0
16	14	-3	55.5	72	0
17	10	-14	44.5	49	7
31	13	-3.5	50	34	9
41	13	-3.5	41.5	58	2
24	13	-2.5	43.5	45	5
27	38	-8	42	72	0
10	22	-7	49	72	0
17	7	-11	41.5	60	10
11	16	-9.5	48	43	5
15	31	-7	46.5	43	7
21	13	-3.5	55	42	6
35	38	-4	49.5	62	5
27	24	-10	38.5	49	2
6	35	-3.5	41.5	49	1
17	13	-3	53.5	42	6
14	20	-4	39	54	3
42	7	-2	40.5	58	1
25	13	-7	51	35	1
37	35	-9.5	36.5	72	0
14	30	-6	40	50	4
16	17	-10	44.5	36	7
26	24	-3.5	53.5	51	9
20	12	-6	41.5	58	2
27	37	-4.5	42.5	78	7
3	20	-6	56	72	0
37	28	-10	47	35	4
3	34	-7	41.5	62	6
20	10	-2.5	49.5	34	0
47	14	-7	43.5	72	0
30	20	-11.5	49	76	4
23	17	-3.5	47.5	46	7
19	7	-2.5	48	72	0
24	37	-14	40	56	3
13	9	-16.5	48.5	33	0
9	17	-9	47	25	6
26	34	-8.5	38.5	43	8
27	17	-3	42	37	5
20	17	-7	41	80	7
20	6	-7	47.5	22	4
20	23	-4.5	43.5	49	8
10	27	-1	52	51	6
17	44	-3	48.5	35	1
27	16	-6	37.5	56	5
17	30	-11	41.5	43	1
24	20	-6	46.5	77	7
26	10	-7.5	46.5	41	5
35	31	-6	47.5	57	4
31	17	-5.5	37.5	51	6
13	24	-3	45	48	10
26	21	-6	48.5	72	0
45	7	-3.5	48	72	0
28	22	-7	47.5	20	12
24	28	-13.5	39.5	48	0
28	21	-9.5	53.5	40	7
31	19	-5.5	51.5	24	0
27	14	-7	52	51	15
23	31	-8.5	45	52	15
27	26	-1	47.5	72	0
19	13	-7	51	64	9
20	27	-2.5	48.5	72	0
9	20	-1	44.5	53	7
31	10	-6.5	48.5	68	4
13	33	-7	52.5	72	0
33	28	-4.5	46.5	86	5
34	31	-1	40.5	83	8
14	42	-3	41	81	1
10	17	-3.5	38.5	76	7
26	24	-3	43	75	9
20	3	-3.5	45.5	82	8
24	31	-3.5	41	72	0
32	40	-3	40.5	81	6
24	17	-4	45.5	71	11
23	48	-3	56	72	0
24	19	-2.5	42.5	64	4
28	14	-3	42	80	8
27	17	-1	44.5	62	4
23	20	-3	41	88	2
26	16	-2	46	69	3
19	26	-3.5	48	73	6
20	24	-1	41	66	11
37	33	-3	49.5	54	6
10	20	-6	42	83	5
43	18	-2.5	44	70	12
24	10	-9	47	72	0
7	20	-2	50	77	7
32	21	-6	42	89	7
47	7	-6.5	54	74	7
24	28	-6	46	69	2
27	22	-3	41	75	6
20	27	-6	46	72	0
28	39	-3	45	66	2
12	24	-7	45	72	0
19	9	-1.5	45.5	73	8
14	41	-9.5	43	67	8
31	14	-3.5	44	75	10
51	17	0	43.5	72	0
17	24	-3	45	72	0
26	0	-6	41	75	8
6	12	-1	43.5	80	0
33	35	-2	45.5	80	13
38	28	-14	49	70	3
20	23	-3	47	70	5
22	24	-16.5	43.5	62	7
48	21	-1	48.5	72	0
10	24	-3.5	46.5	77	4
22	20	-5.5	47.5	62	3
36	21	-3	44	54	7
23	20	-7	43.5	72	0
16	13	-4.5	47.5	72	0
14	27	-6	46.5	60	4
26	20	-3	44.5	56	8
30	27	-3.5	45	73	8
3	17	-7	43.5	60	5
23	37	-4	43.5	72	0
23	20	-2.5	42.5	62	6
13	10	-3	48.5	72	0
20	27	-5	44.5	68	7
25	19	-7.5	48	76	6
30	33	-3	40.5	75	7
27	24	-3	45.5	59	13
6	30	-10	43	61	2
17	42	-5	41	76	2
24	10	-7	48.5	72	0
17	18	-6.5	43	68	0
30	27	-3	44.5	72	7
10	16	-8.5	50.5	72	0
39	17	-4.5	46	72	0
38	31	-9	46	73	15
13	14	-9.5	44.5	80	11
20	24	-7.5	44	57	3
31	21	-5.5	45	76	8
21	34	-6.5	49.5	67	4
23	26	-1	41.5	83	9
37	34	-1	43	72	2
27	20	-4	45.5	76	5
27	34	-3	52.5	72	0
20	31	-3	42	37	2
16	10	-3.5	42	46	11
34	20	-3.5	45.5	72	0
25	13	-10.5	50.5	49	8
25	20	-9	54	72	0
23	27	-3	43	70	13
10	38	-3.5	43	62	15
27	7	-7.5	40	48	10
3	20	-5.5	45	42	8
27	16	-2.5	43.5	68	10
19	28	-7	41	59	4
21	27	-2.5	43.5	60	6
34	31	-3.5	50.5	44	6
23	13	-6.5	42	66	3
44	26	-2.5	46	64	0
30	23	-1	45	72	0
27	20	-5	53	72	0
29	37	-3.5	41.5	51	3
24	6	-3.5	41.5	64	6
7	10	-4.5	45.5	82	11
31	30	-7	47.5	58	6
26	18	-3	44.5	59	10
36	7	-3.5	48.5	77	5
20	23	-6	44	72	0
29	26	-6	45.5	61	8
20	23	-3	41.5	70	8
20	34	-10	49.5	72	0
12	13	-8	51.5	53	9
29	10	-8	47.5	72	0
20	6	-4.5	50.5	65	6
45	10	-1.5	44	61	7
52	49	-7	46	63	17
34	20	-5	41.5	63	0
10	16	-2.5	45.5	52	4
27	6	-3.5	43	68	4
29	26	-3	45	57	3
31	10	-3	52	72	0
33	17	-3	44	68	8
37	29	0	49.5	63	9
27	33	-8	41	72	0
27	24	-5.5	45.5	62	5
21	18	-13	46	65	5
27	10	-4	44	47	6
28	34	-2.5	46	53	7
28	23	-3	44	53	2
38	35	-3.5	45.5	72	0
17	16	-1	40	57	14
18	32	-13.5	51.5	54	8
19	22	-6.5	50	72	0
17	22	-8	42.5	57	7
20	22	-6	48	51	0
13	29	-8.5	43.5	58	2
16	18	-2	49	77	1
26	27	-3.5	49.5	61	7
14	30	-2.5	42	56	9
19	20	-5	47	63	5
30	9	-3.5	42	59	1
32	39	-10.5	50	57	6
13	37	-7	52.5	54	5
10	6	-3	44	57	15
10	27	-6	49.5	59	9
47	14	-7	43	60	6
6	10	-3	43.5	42	1
19	13	-7	42.5	72	0
34	31	-1	43.5	77	9
21	24	-3.5	43	60	3
16	13	-1	52	62	7
44	16	-10	46.5	49	2
15	17	-3	41.5	71	2
18	13	-4	48	72	0
24	17	-3.5	47.5	72	0
14	24	-3	41.5	47	10
13	30	-7	44.5	52	8
17	45	-2	41.5	29	6
3	33	-1.5	50	72	0
29	13	-4	40	52	5
20	13	-2	45	75	10
14	33	0	45	32	7
45	14	-6.5	45.5	48	10
13	17	-3	45.5	78	4
10	20	-14	40	48	3
31	7	-7	47.5	28	5
30	24	-1	44.5	68	11
24	6	-3	47	72	0
25	12	-8	45	35	10
25	31	-2	45	72	0
30	22	-9.5	42	45	6
38	20	-2.5	43	21	0
13	19	-3.5	51	55	8
39	30	-3	46.5	72	0
21	24	-5	47	75	6
20	14	-4.5	41	34	5
27	33	-4.5	43.5	48	5
23	27	-8.5	45	57	2
30	21	-3	46.5	37	2
20	26	-1	45	57	2
3	37	-1.5	48	46	5
15	13	-6	41	42	8
7	38	-2.5	46.5	72	0
28	35	-3	42	49	4
38	41	-6.5	43	46	4
20	23	-7.5	44	46	5
20	34	-3.5	43	78	14
45	10	-2.5	43	36	3
3	17	-9.5	49	44	5
3	27	-6	50.5	72	0
23	19	-2.5	46	52	5
42	39	-3	45.5	60	3
16	19	-9.5	50.5	35	2
23	20	-6	45	71	7
6	35	-3.5	43	72	0
38	0	0	46.5	78	11
21	24	-3	43.5	56	4
20	33	-2	43.5	44	2
24	10	-10	46.5	72	0
12	15	-10.5	42	66	3
28	7	-8.5	45.5	70	6
6	27	-4	43.5	58	11
51	16	-1	48.5	65	6
10	3	-2.5	43	62	8
30	8	-6	43	39	2
23	20	-6.5	42.5	52	9
21	14	-5	46.5	52	3
17	24	-1	46	77	8
24	31	-12	41.5	60	11
31	23	-8	43	65	4
16	19	-1	48.5	69	1
14	34	-3	41.5	72	0
10	16	-6	51.5	80	12
17	23	-2	48	75	5
38	17	-1	41	72	0
33	16	-3.5	41	50	7
35	38	-6.5	41	43	3
20	30	-2	41.5	72	0
17	40	-2	48	68	7
34	27	-4	44	36	3
30	14	-14.5	48	39	5
14	24	-5	46.5	41	4
30	13	-4	47	51	10
35	25	-4	51.5	34	3
27	35	-7.5	45.5	36	3
23	20	-1	47	60	6
24	38	-6.5	41	52	5
38	8	-14.5	45.5	44	8
20	13	-2	46	45	3
20	17	-2.5	52	72	0
16	6	-4	45.5	46	8
32	17	-3.5	48.5	50	5
17	13	-6	50.5	72	0
12	18	-7	46	72	0
49	17	-11.5	47.5	63	6
38	27	-6.5	42	37	5
26	20	-9	42.5	72	0
17	23	-11.5	42.5	34	12
21	26	-2.5	44	81	13
6	34	-7	44.5	12	5
20	17	-2.5	53.5	72	0
6	36	-2.5	45.5	56	7
17	20	-11	42	37	2
22	17	-3	44	83	11
38	10	-3.5	39	72	10
20	24	-4	39	16	0
24	16	-6	47	72	0
12	28	-6	53.5	72	0
23	34	-3	41	30	10
27	20	-10	45	48	5
13	20	-2.5	45	30	10
30	6	-9.5	41	33	5
30	24	-13	47	34	12
23	17	-3	41	54	4
20	10	-10	42	44	0
30	35	-3	44	23	5
19	16	-6	45	56	4
16	18	-4	39	72	0
0	30	-6.5	43.5	32	7
9	10	-10	46.5	78	4
18	35	-3.5	51	44	10
26	20	-3	38.5	57	0
27	20	-3	45	51	5
31	24	-3	40	72	0
23	16	-4.5	40	-6	12
49	15	-1	46	61	14
20	18	-7	49	72	0
24	10	-4.5	43	38	6
21	20	-2.5	44	43	7
21	23	-7.5	41	43	9
24	31	-3	47.5	39	4
13	7	-3	44.5	46	6
19	20	-4.5	43	76	16
23	14	-3	40.5	82	2
35	39	-8.5	44	72	0
23	27	-2.5	47	72	0
33	27	-3	44.5	82	7
34	35	-1	47.5	72	0
22	23	-5.5	42.5	87	2
29	10	-2.5	51.5	72	0
12	10	-3.5	47.5	91	1
16	25	-6.5	46	73	7
28	0	-3	50.5	72	0
16	38	-1	42	80	9
31	37	-3.5	41	83	9
40	7	-10.5	44	64	2
46	27	-2.5	40	77	3
20	25	-2.5	43.5	66	17
34	20	-2.5	49	76	3
15	16	0	40.5	54	2
19	12	-7	49.5	72	0
9	3	-12.5	44	85	3
17	14	-4.5	42	75	5
31	24	-6	47	86	1
16	13	-6	48	72	0
28	35	-1	42	89	2
24	16	-5.5	38	85	4
38	14	-2	43	72	0
23	27	-5.5	42	78	6
14	29	-4	54.5	79	5
27	0	-4	48	83	3
33	18	-3	48	71	3
10	22	-3	47.5	78	5
17	29	-3	47	84	5
31	17	-3	43	80	2
34	27	-1	38.5	68	3
26	22	-5	48	62	1
17	19	-6.5	42.5	84	2
24	3	-3.5	41.5	82	0
30	24	-6.5	45	72	0
27	29	-6.5	47.5	72	10
34	3	-1.5	51.5	72	0
37	18	-2	45	87	4
32	37	-3	44.5	65	6
10	17	-10	42.5	85	7
32	45	-3.5	47	67	4
22	7	-4	46.5	71	1
13	17	-10.5	41.5	69	2
48	33	-3.5	40.5	89	3
27	28	-1.5	47	89	3
17	14	-3	54.5	72	0
27	20	-7.5	46.5	59	0
30	27	-10	43.5	72	0
0	16	-3	48.5	72	0
17	27	-3.5	45	67	0
43	14	-3	48	64	2
34	35	-3.5	40	82	4
17	24	-1	48.5	58	6
7	27	-3.5	41	56	2
31	20	-1	40	61	0
24	10	-3.5	48.5	60	0
21	33	-3.5	54	73	6
10	16	-1	44	68	8
13	33	-3	42.5	89	4
28	14	-7.5	47.5	70	1
16	23	-3.5	42.5	72	0
24	23	-3.5	42.5	72	7
23	16	-4	44.5	61	12
29	23	-10	47.5	57	9
19	30	-2.5	46	72	0
17	30	-3.5	44.5	73	1
31	13	-3.5	46	72	0
34	31	-7	49	48	2
31	13	-4	47.5	72	0
14	17	-2.5	41.5	87	5
21	13	-2.5	44.5	87	12
45	16	-6	39	72	0
16	17	-3.5	50.5	78	4
31	28	-10	50	57	6
16	30	-6	46.5	57	2
26	23	-3	44	69	6
30	15	-7.5	44	72	9
35	17	-2.5	46	67	3
41	38	-2.5	44	72	0
27	23	-5	47	67	4
10	26	-3	47.5	80	6
26	24	-7.5	49.5	82	11
28	26	-7.5	48	66	7
27	20	-2.5	53.5	72	0
28	3	-3.5	42.5	66	6
26	10	-1	46.5	61	5
6   6   -7  45.5    5   45
30	33	-7.5	44.5	79	7
31	17	-3	45	69	5
20	17	-7	45.5	72	0
16	33	-7.5	46.5	47	3
27	21	-2.5	43	72	0
10	17	-4.5	52.5	72	0
28	25	-11	46.5	66	6
24	16	-1	50	72	0
21	10	-2	47.5	72	5
16	27	-7	51.5	69	6
17	34	-2.5	44.5	54	10
26	34	-2.5	46	80	10
27	9	-2.5	40	58	11
36	22	-3	39	61	10
33	32	-7.5	49	63	6
25	41	-1	45	69	2
30	20	-4	48	71	5
27	27	-8.5	40	66	2
28	31	-3	43.5	66	4
29	23	-3	51	72	0
27	19	-5.5	48	50	2
20	13	-2.5	45.5	80	4
14	30	-3	49	52	3
25	20	-2.5	45.5	54	9
24	30	-5	44	72	0
20	10	-3.5	43	75	3
28	43	-1	46.5	80	3
21	14	-3	50.5	72	0
10	35	-1	50	72	0
26	31	-1	48	84	10
19	14	-4.5	39.5	57	3
10	13	-4.5	49	75	2
27	23	-3.5	46	63	10
16	22	-7	49	56	2
28	23	-7.5	52	67	5
30	20	-7	42.5	60	6
43	35	-3	44.5	72	3
23	41	-3.5	45	79	11
31	25	-4.5	42.5	72	0
28	7	-3	42.5	57	8
23	20	-1	44.5	67	3
17	20	-3.5	47.5	74	3
21	24	-5	53	68	1
24	31	-5.5	43.5	60	0
23	25	-7.5	44	52	1
6	9	-14	47	72	0
24	15	-3	44	48	4
30	35	-3	42	71	6
24	31	-7.5	49.5	45	2
36	10	-3	50	72	0
47	25	-1	38.5	55	4
26	20	-1.5	49	54	6
21	20	-3	51	54	2
23	20	-4.5	49	84	3
12	16	-2.5	45	77	2
9	24	-3	49	55	0
27	17	-2.5	41.5	55	4
26	19	0	49.5	54	1
24	17	-3.5	53.5	57	2
17	19	-2.5	48	37	7
10	14	-8.5	45.5	35	16
30	24	-7	44.5	53	7
22	16	-5.5	47	72	0
17	30	-3	54	72	0
26	15	-7	45	43	8
42	24	-1	38.5	63	4
27	20	-2	40	72	0
31	26	-7	41.5	40	12
16	13	-11.5	51.5	61	1
7	28	-6.5	43	51	4
38	19	-3	48.5	38	15
19	14	-6.5	46	62	0
28	21	-6	53.5	69	5
21	27	-1.5	42	72	0
13	27	-8.5	49.5	72	0
27	30	-4	49	72	0
13	21	-3.5	42	49	8
31	24	-8.5	44	38	6
49	21	-6.5	42	38	5
17	22	-6.5	46.5	46	10
35	32	-3.5	40	44	6
14	5	-2.5	46	67	9
13	27	-7	45	79	10
15	17	-8	45	72	0
31	23	-9.5	48.5	48	8
28	29	-3.5	48.5	56	6
38	6	-5.5	46	78	7
26	6	-4	47.5	47	4
32	14	-3	43.5	72	0
21	13	-2.5	48.5	72	0
10	20	-5	50	72	0
26	10	-3.5	41.5	45	3
13	28	-1	44	35	5
38	24	-1.5	42	41	3
24	14	-7	44.5	31	4
21	28	-3.5	38.5	75	3
40	7	-13.5	45	37	7
10	41	-6.5	53.5	72	0
21	13	-3	48.5	55	2
20	27	-6.5	49.5	40	2
28	16	-3.5	49	71	3
10	23	-8.5	44	41	1
20	17	-1	48.5	43	2
38	10	-3.5	46	23	4
17	22	-2	45.5	24	6
16	25	-1	48.5	42	2
14	42	-5	41.5	28	13
26	23	-7.5	42	72	0
10	7	-3	47	27	2
22	27	-6.5	47.5	72	0
17	23	-3.5	38	66	1
16	11	-5	44	64	2
13	10	-2	44	75	15
30	23	-3.5	47	30	2
24	3	-2.5	48.5	33	2
13	34	-3	43	53	3
41	48	-2	52	75	9
41	13	-2	44	48	11
27	26	-6	45	33	1
33	13	-15	39.5	35	3
27	30	-2.5	40	34	3
20	24	-3	48.5	72	0
26	20	-13.5	51.5	72	0
3	16	-5	41	58	6
21	20	-10.5	43	25	12
17	19	-4.5	40	9	7
6	34	-3	45.5	26	7
17	6	-7	47.5	26	7
16	19	-3	43	27	3
15	26	-3.5	39.5	37	11
24	19	-6	43	2	2
31	34	-5	44.5	72	0
16	33	-4	42.5	48	4
21	41	-2.5	49.5	60	2
20	17	-7	50.5	30	3
38	25	-1.5	42.5	41	8
12	10	-4.5	44.5	35	7
38	17	-3	49	52	4
21	22	-3	49	35	1
41	3	-4.5	45	37	10
31	24	-6	44.5	35	4
33	25	-3	41.5	72	8
31	34	-4	44	65	2
33	10	-6	39.5	55	7
31	27	-17	45	40	4
42	21	-3	53	72	0
38	32	-3.5	52	48	5
27	10	-9	43.5	39	2
24	6	-3.5	38	60	11
24	31	-5.5	46.5	39	4
24	20	-6.5	46.5	65	0
6	44	-7.5	58.5	72	0
14	35	-2.5	40.5	38	1
38	10	-1	40	48	3
30	10	-3.5	50	72	0
27	13	-5.5	48.5	72	0
27	24	-7	39	56	1
27	37	-7.5	47	80	10
23	25	-6	44	72	0
17	16	-3.5	43	45	8
24	17	-6.5	44	48	6
10	19	-3	41.5	38	1
27	14	-5.5	45	56	4
26	6	-11.5	45	52	6
38	13	-3	44.5	76	7
30	12	-3	41.5	49	2
36	20	-9	47.5	52	1
34	16	-4	38	72	0
31	34	-8	45.5	38	7
16	18	-5	46.5	14	7
44	21	-11	47.5	17	16
36	17	-6.5	51	72	0
28	34	-16	44	28	6
27	42	-5.5	52.5	72	0
21	12	-2.5	45.5	33	9
17	23	-6.5	59.5	72	0
0	20	-5.5	50	41	10
18	21	-3	57.5	72	0
19	3	-9	48.5	63	7
35	23	-9.5	40	61	5
17	9	-7	49.5	66	9
7	29	-3	42.5	71	8
46	9	-9	47	67	9
3	23	-3.5	47.5	72	0
16	26	-2	48	72	0
17	30	-3	50.5	69	8
24	21	-5.5	39.5	82	9
29	19	-1.5	41.5	82	6
9	13	-5.5	48	89	4
34	23	-2	50.5	72	6
24	10	-1	47.5	68	7
9	3	-3.5	43.5	78	6
42	17	-3.5	48	72	0
13	16	-6.5	38	67	0
16	37	-2.5	41	72	0
27	20	-7.5	40	78	2
17	19	-7	42.5	81	4
20	27	-2	42	75	4
20	36	-7.5	44.5	72	0
45	20	-1.5	43.5	86	9
26	9	-4.5	47.5	66	6
12	9	-4.5	45	73	7
29	7	-2.5	46	74	7
10	24	-7	55	72	0
39	41	-14	43.5	69	6
26	16	-6	45.5	79	1
13	34	-13.5	42.5	65	11
23	17	-7	43	88	7
26	30	-3.5	43.5	72	7
27	24	-2	40.5	65	11
31	28	-3	40	79	3
44	7	-5	46.5	83	6
10	24	-7	43.5	82	4
34	17	-3	51	72	0
36	33	-9	47.5	85	9
20	6	-1	42	72	0
27	24	-4	38	57	4
33	27	-3	47.5	80	5
27	10	-1.5	41	72	0
17	28	-13	44.5	76	8
35	14	-5.5	43	84	7
18	15	-6	43	83	7
17	23	-3	42	89	4
9	26	-3	53.5	77	4
7	31	-3	46.5	72	0
30	35	-7.5	44.5	59	8
16	10	-6.5	44.5	72	0
57	14	-8	48.5	72	0
24	26	-3	42	69	5
0	20	-3	41.5	67	5
7	14	-6	48.5	72	0
30	33	-3	46	71	7
23	20	-2	43.5	72	0
46	17	-1	47.5	84	7
25	23	-3	50.5	85	9
29	20	-2	42.5	72	0
14	19	-9	49	67	5
20	16	-3	38	70	3
14	17	-13	41.5	52	3
31	35	-3	44.5	82	11
24	27	-7	49.5	77	13
34	42	-5	55.5	76	9
26	23	-3	39	66	5
10	16	-1.5	41.5	69	6
16	10	-2	52.5	72	0
22	27	-2.5	43.5	72	0
17	30	-1	46.5	72	0
34	7	-1.5	44	72	0
9	30	-1	47.5	75	6
17	20	-3	43.5	89	8
23	28	-3.5	44.5	75	10
38	33	-2.5	39	74	9
17	20	-6.5	45	75	11
24	27	-8.5	43.5	70	5
10	23	-3	40	65	8
33	17	-3	45.5	73	5
17	27	-1.5	46	72	0
13	19	-13.5	45.5	72	0
23	10	-6.5	38.5	73	10
52	38	-12	39	60	4
17	24	-9.5	47	72	0
16	17	-2.5	42.5	83	8
26	24	-3.5	47	59	11
36	22	-3	44.5	72	0
31	30	-4	49.5	72	0
30	27	-9	48.5	73	13
17	3	-3	48.5	76	9
9	12	-12	46	71	10
17	26	-7	46	55	6
0	27	-3	46.5	61	4
21	0	-3	45.5	71	5
33	0	-3	40	68	11
31	28	-5.5	42.5	72	7
24	16	-3.5	46	54	15
23	7	-3	41.5	72	0
7	24	-1.5	41	83	3
29	14	-3	46	52	9
10	40	-3	39.5	84	12
34	24	-4	38	72	0
40	0	-3	56.5	55	3
34	14	-3.5	39	74	7
24	23	-4	40	74	4
16	33	-6.5	48.5	68	7
15	20	-4.5	49	67	12
21	13	-3	37.5	48	0
20	12	-2.5	45.5	43	5
20	25	-11	41.5	44	6
33	10	-9.5	38	53	10
41	38	-3	45.5	72	0
3	17	-7	48.5	64	13
19	33	-9	47.5	72	0
29	19	-4.5	46	69	12
34	21	-13	46	64	9
20	17	-5.5	46	59	7
28	17	-2	46	68	18
14	20	-2	50	49	12
23	7	-7	43	45	7
24	27	-3	43	68	11
30	10	-3	42	61	4
17	51	-2.5	53	72	0
51	23	-6	45	72	0
10	20	-6	38	78	12
14	17	-3	44.5	77	2
23	20	-7	54	72	0
17	30	-5.5	42.5	56	6
16	22	-7	41	61	5
27	7	-2	39	61	8
10	47	-8	44.5	36	11
16	23	-3	41	75	10
16	41	-2.5	42.5	35	3
38	24	-6	40	72	0
17	20	-3.5	49	72	0
20	17	-2	48.5	42	2
33	7	-4.5	37.5	40	6
31	21	-7	45	48	5
15	10	-10.5	42.5	72	0
24	20	-10.5	47	72	0
30	38	-5	40.5	76	5
45	21	-12	45	68	0
40	17	-3	41.5	68	5
24	27	-1	44.5	79	16
7	19	-4.5	40.5	53	4
9	37	-1	43	44	4
17	20	-8	38.5	49	6
0	23	-7	44.5	37	2
31	21	-3	41	29	15
54	24	-7.5	37.5	38	19
20	30	-6	48	72	0
24	7	-2.5	38	53	3
34	31	-2	38	27	15
12	9	-2	37.5	72	0
8	33	-6.5	41	71	3
31	34	-1	42	77	5
6	28	-2.5	45.5	72	0
23	30	-7.5	52.5	72	0
20	10	-10	45.5	49	18
27	24	-7	54.5	69	7
34	20	-2	45.5	48	2
30	16	-1	48	72	0
16	20	-3	44.5	72	0
10	16	-7.5	45	33	0
26	20	-5	38	72	0
35	17	-10	48.5	72	0
27	35	-8	38	46	3
21	14	-3.5	44	72	0
31	3	-10	46	62	9
31	28	-2.5	53.5	72	1
13	24	-16.5	47.5	47	17
23	16	-5	40	47	23
38	14	-5	43.5	61	13
16	32	-13.5	44	49	17
9	14	-14	41.5	38	7
44	20	-7	43	66	12
3	23	-7	38	50	1
14	15	-2	47	72	0
26	20	-7	44.5	72	0
30	10	-3	47	72	0
19	10	-3	43.5	53	4
35	9	-9	48	48	13
31	21	-3	41	54	6
38	31	-2	45	42	8
24	17	-9.5	41	70	7
24	10	-13.5	43.5	68	7
24	13	-1.5	39.5	80	11
20	23	-4.5	48	72	0
20	17	-3	43.5	48	0
12	7	-9	41.5	58	11
13	7	-5.5	47.5	44	3
31	24	-6.5	43	60	4
7	33	-4.5	43.5	61	9
21	27	-2.5	51.5	72	0
23	0	-2.5	42	72	0
16	26	-3.5	36.5	32	15
30	24	-2.5	40.5	41	5
26	15	-6	40.5	31	11
30	13	-2.5	38.5	29	24
35	43	-1	40.5	60	3
10	30	-1	45.5	72	0
39	38	-3	40	46	2
21	24	-4.5	48.5	46	13
27	20	-6	46.5	81	4
13	25	-1	47.5	83	0
20	10	-4	42	39	11
30	13	-6	43	33	12
24	16	0	47.5	55	9
31	24	-10.5	48	55	7
10	27	-3	40.5	72	0
45	7	-5	43.5	72	0
34	7	-1	47	53	9
31	19	-3.5	39.5	22	8
29	34	-3	46.5	51	5
17	20	-6.5	42	36	0
24	27	-10.5	39	72	5
25	23	-12.5	42.5	72	0
7	42	-16.5	47	72	0
20	15	-7.5	40	35	0
21	24	-3	46	57	4
23	16	-2.5	52.5	42	4
0	16	-2.5	44.5	65	17
23	0	-1	47.5	47	15
22	19	-4	40	50	1
20	3	-7	49.5	71	2
26	17	-13.5	41	63	14
12	21	-8.5	41	10	6
29	13	-3	39	72	0
37	16	-10	46.5	55	6
23	13	-5.5	37	24	8
7	14	-3.5	43.5	35	2
44	33	-4.5	47	72	0
23	27	-11	43.5	23	15
27	11	-11	47.5	35	7
6	34	-5.5	52	72	0
19	10	-7.5	42.5	40	6
22	10	-4	43	52	0
27	31	-5.5	46	39	11
24	27	-3	39.5	43	7
35	11	-8	45.5	72	0
22	13	-10	46	29	15
30	10	-5	44.5	72	0
13	34	-8	40	19	12
16	22	-3	37.5	17	4
23	10	-7.5	44.5	72	0
26	6	-5.5	41.5	72	0
18	10	-7	43	62	2
0	6	-6	44.5	67	3
28	24	-2.5	41.5	71	9
24	26	-13.5	38.5	72	0
31	24	-17	43.5	13	14
15	10	-4.5	41	16	16
21	22	-3.5	41	19	17
13	26	-5	38.5	11	3
10	3	-8	38	40	7
31	26	-6	49	71	3
35	14	-2.5	40	23	5
15	10	-8.5	44	33	10
29	24	-6.5	48	62	3
42	45	-8	39.5	53	18
24	20	-6.5	47.5	72	0
38	7	-13.5	48.5	24	12
33	41	-2.5	40	32	16
18	12	-5.5	46.5	72	0
6	24	-7	40.5	18	2
47	3	-7.5	46	48	2
16	8	-3	39	46	1
21	21	-4.5	48.5	72	0
27	24	-1	44.5	81	8
24	23	-2	43.5	72	0
23	34	-7.5	39	61	12
28	38	-2.5	42.5	81	9
27	20	-3.5	41	58	11
24	16	-3	42.5	84	5
27	20	-6.5	45	62	10
40	48	-1	47.5	72	0
15	20	-3.5	48	84	8
17	48	-1	43.5	89	7
13	33	-6	46.5	72	0
34	23	-6	49.5	62	10
31	24	-10	50	72	0
20	31	-2.5	43	59	7
20	13	-7	44	72	0
20	19	-6.5	47.5	69	10
29	29	-1	43	82	3
31	20	-5.5	44	72	0
34	0	-7.5	41.5	83	6
21	18	-3	42	72	0
12	20	-5.5	44	92	4
37	42	-2	45	80	5
30	27	-2	44.5	97	15
27	21	-13.5	43.5	86	2
20	17	-10	51	72	0
9	21	-3	43	80	4
24	17	-4.5	52	80	10
21	17	-6	48.5	73	12
14	16	-3	46.5	91	9
37	43	-3.5	41	81	12
27	14	-6	48	71	5
31	21	-4.5	42.5	79	2
26	10	-3	41	83	11
22	27	-5.5	39	72	0
6	9	-1.5	54	72	0
38	27	-5.5	46	61	5
35	23	-2.5	44	80	3
28	20	-7	55	72	0
6	27	-6.5	44	72	0
20	16	-10	39	89	10
24	13	-5.5	53	70	4
31	17	-7.5	49	80	5
27	30	-3	46	90	7
38	31	-16.5	41	72	0
17	20	-6.5	45.5	61	5
36	37	-1	40	61	4
48	10	-2.5	45.5	62	6
26	24	-1	55	77	5
22	0	-7.5	48.5	75	3
34	37	-3.5	40	72	0
31	12	-3.5	52.5	72	0
29	27	-3	46	66	5
38	7	-2.5	43.5	72	0
18	33	-8.5	43.5	49	9
45	42	-1	48	72	0
14	26	-7.5	40.5	86	10
26	23	-10.5	46	78	9
23	27	-6.5	50.5	65	6
38	24	-3.5	51.5	71	7
13	12	-2.5	44.5	71	8
33	31	-3	51	69	2
27	17	-3	41.5	80	4
12	9	-3.5	53.5	65	5
31	23	-10.5	49.5	66	6
19	16	-6	38.5	62	8
30	14	-7	43.5	80	3
26	10	-6.5	47.5	87	4
34	16	-3	44.5	72	5
21	23	-1	50	72	0
41	17	-3.5	45.5	72	0
18	28	-3	48	58	5
31	33	-5	52	75	10
43	19	-1	43	77	7
13	34	-3.5	48	79	6
34	29	-3.5	57	83	5
21	28	-3	40.5	79	15
14	38	-7.5	50.5	53	5
40	7	-5.5	51.5	72	0
20	23	-1.5	45	70	3
20	13	-3	57	72	0
31	28	-1.5	49.5	51	6
27	17	-1	47	57	12
43	40	-3	39	72	0
42	34	-7	50	25	6
3	27	-10.5	40.5	72	0
0	21	-7.5	40.5	89	8
23	17	-10	43.5	72	0
33	30	-3.5	59.5	45	0
10	45	-2.5	47.5	60	7
23	24	-3	48	50	12
31	38	-2.5	43.5	66	4
37	5	-1	44.5	52	0
7	20	-9	46.5	37	5
45	10	-1	42.5	72	0
20	19	-2.5	49	54	15
21	32	-1	48.5	44	9
17	37	-7	43.5	72	0
17	21	-3.5	42.5	68	15
10	39	-6.5	56	59	10
26	23	-6.5	46	66	6
20	17	-3	47	89	8
23	20	-3.5	45	46	16
42	23	-5	45	49	19
18	15	-8	52	62	5
36	21	-3.5	52.5	79	7
24	10	-1	40.5	52	12
37	34	-4	53	72	0
14	28	-7.5	45	72	0
18	24	-2.5	40	72	0
30	23	-2.5	44	61	10
29	27	-8.5	42.5	48	18
20	30	-3.5	55	55	7
13	20	-3	48	72	0
28	42	-3.5	44	48	12
33	18	-8.5	53	56	12
6	25	-7.5	57	82	1
34	3	-2.5	53.5	72	0
16	23	-1	44	51	11
9	41	-3.5	51	69	8
42	28	-8.5	47.5	47	11
21	37	-13.5	44.5	46	16
17	19	-1.5	44	82	8
13	6	-1.5	46.5	55	6
24	9	-10.5	38	49	12
31	17	-6	55.5	62	8
45	35	-7.5	51.5	53	16
17	25	-1	46.5	53	3
14	38	-3	43	87	16
14	28	-4.5	47.5	72	0
52	21	-5	56	40	2
34	22	-1.5	57	72	0
14	51	-1	48	56	4
28	16	-1.5	46.5	55	5
31	12	-4.5	40.5	72	0
29	26	-3.5	51	40	4
26	14	-7.5	44.5	37	12
36	31	-6	53.5	39	6
10	41	-5.5	49.5	36	9
6	20	-11	48.5	33	6
20	27	-3	48	72	0
3	16	-16.5	49.5	43	5
34	10	-10	51	75	1
23	27	-7	38	46	10
27	24	-10.5	50	69	16
21	23	-7.5	45.5	38	5
19	22	-3.5	51	82	3
24	21	-6.5	47	46	4
25	20	-3	45	62	0
20	19	-3	49	54	6
38	10	-4.5	41	72	0
16	20	-3.5	50	72	0
22	23	-6.5	44	48	8
48	7	-2.5	44	33	6
38	35	-4	48	72	0
21	23	-1	50	72	0
54	51	-4	47	73	8
31	23	-7.5	46.5	69	4
16	23	-7	56.5	72	0
31	17	-3	53.5	42	1
34	17	-3	40.5	48	6
24	21	-3	63.5	69	1
27	30	-7	40	72	0
20	35	-3	43	72	0
24	17	-11.5	61.5	72	0
27	24	-13	42	60	7
45	10	-3	36.5	44	12
24	17	-3	46.5	57	1
13	27	-1	46.5	44	4
25	22	-3	47.5	41	7
27	9	-9	52.5	72	0
34	17	-14	43	74	3
13	10	-3.5	48	72	0
16	26	-13	46.5	54	8
10	24	-4.5	49	56	10
16	30	-1.5	54.5	77	7
17	20	-3.5	42.5	72	0
29	13	-7.5	51.5	72	0
6	0	-2.5	46.5	72	0
21	17	-4	45	63	12
24	10	-10.5	54	72	0
30	27	-13.5	41	34	20
33	40	-5	47.5	72	0
30	33	-4	45.5	78	13
43	16	-3.5	40	86	15
24	17	-6	49.5	53	6
26	22	-4	44	52	3
28	13	-14	53.5	57	6
30	9	-3	52.5	57	8
3	17	-10	45.5	45	2
23	27	-3.5	52	81	15
15	6	-10.5	40.5	70	13
26	20	-5.5	45	36	15
29	23	-5.5	37.5	44	5
34	20	-2.5	40.5	72	0
21	24	-4.5	37	31	12
27	24	-3	51	29	4
26	21	-1	47.5	28	4
34	33	-3.5	45.5	72	0
24	21	-4	50.5	25	10
20	14	-4	49	72	0
14	28	-6.5	48.5	27	0
16	40	-17	48.5	70	1
21	7	-9.5	49.5	82	13
28	29	-10.5	51	55	8
16	17	-3	45.5	54	3
22	29	-10	54	71	7
40	14	-3	40.5	33	6
20	12	-3	45.5	48	9
14	13	-3.5	54	39	5
24	17	-1	47	46	0
30	16	-7	44	51	8
23	0	-10	43.5	72	0
13	16	-8.5	45	43	10
23	30	-2.5	40	39	7
41	17	-5.5	46.5	45	10
0	17	-3	46	43	2
17	10	-3	46.5	72	0
26	23	-7.5	36.5	64	12
9	12	-13.5	52.5	60	5
10	22	-7.5	45	72	0
25	16	-2.5	42	40	6
9	31	-2.5	56	42	5
10	24	-3.5	44	61	11
26	18	-6	50.5	48	3
27	20	-4	42.5	60	5
9	27	-11.5	37.5	51	9
28	27	-14.5	43	72	0
7	17	-3	46	52	7
24	12	-10	44	37	9
31	28	-7.5	48	72	0
38	44	-6.5	42.5	72	0
32	30	-10	48.5	72	0
9	14	-3	39.5	73	9
38	31	-13.5	45	40	12
27	14	-6.5	53	72	0
26	24	-3	47.5	43	8
42	17	-1	46.5	44	5
9	23	-4	44	50	5
0	31	-1	54.5	43	8
20	3	-2.5	42.5	58	14
35	3	-7	41	48	2
48	32	-5.5	39.5	33	9
10	24	-7	43.5	51	6
38	3	-7.5	44.5	26	15
14	33	-7	39.5	72	0
35	36	-14.5	52.5	45	15
16	13	-10.5	49.5	65	3
27	24	-6	40.5	72	0
32	34	-14.5	46.5	33	2
17	33	-8	42	72	0
0	24	-7.5	38.5	37	2
24	22	-14	45	42	9
7	21	-14	39.5	45	5
17	23	-2.5	51.5	80	5
15	16	-5.5	42.5	53	4
31	13	-6	42.5	46	3
30	22	-2.5	43	72	0
41	28	-2	48.5	72	0
20	14	-3	43	52	12
31	37	-6.5	41.5	39	12
23	26	-4	54	32	13
3	13	-7.5	48	57	1
3	10	-3.5	47.5	26	3
27	27	-8.5	52	72	0
27	30	-3	56	19	14
13	43	-3	55.5	72	0
35	17	-2	55.5	72	0
26	40	-3	46.5		
30	24	-3	45.5	72	0
10	59	-2	49.5		
28	12	-5.5	44		
33	3	-7	44	72	0
16	17	-3.5	49		
32	27	-6	44.5		
21	20	-7	40.5		
17	31	-3.5	47	72	0
30	28	-5.5	49		
24	16	-2.5	41		
14	20	-10	44.5		
24	20	-9	44		
23	17	-1	51		
17	41	-6.5	51.5	72	0
14	16	-3	42.5		
13	10	-6.5	48		
21	16	-1	53	72	0
13	12	-13	45.5		
27	9	-1	46		
0	43	-3	40.5		
14	28	-1	46.5	72	0
10	28	-3	43		
26	28	-7	43	72	0
17	19	-2	52		
21	31	-18	48.5		
3	23	-1	44.5		
20	7	-7	53		
20	38	-4	47		
21	17	-3.5	43.5		
13	20	-6	46		
31	6	-6.5	45		
27	16	-2	38		
27	24	-2.5	45.5	72	0
33	28	-6	43.5		
20	27	-4	48		
34	14	-21.5	46.5	72	0
30	14	-7	41.5		
24	27	-1.5	48	72	0
24	20	-5	52		
27	33	-3	49		
31	32	-9	43.5	72	0
15	31	-21	43		
27	34	-4	45		
10	27	-6	44.5		
10	24	-5	44		
25	40	-5	48		
10	16	-5	41		
16	6	-3.5	46.5		
24	26	-5.5	48.5	72	0
30	34	-3.5	46.5	72	0
10	16	-7	47.5		
24	31	-7	41.5		
40	55	-1	38.5		
10	30	-2.5	37.5		
12	10	-7	54.5	72	0
24	3	-5	47.5	72	0
27	3	-6	46.5	72	0
30	29	-9	48.5		
34	27	-15	43.5		
23	26	-2.5	47	72	0
24	34	-3	48		
53	32	-3.5	45		
13	19	-1.5	48.5		
13	20	-3	40.5		
31	24	-3	46.5		
10	28	-3	46.5	72	0
24	21	-4	49	72	0
31	6	-10.5	55.5		
23	26	-4.5	45.5		
7	14	-3	46.5	72	0
7	33	-5.5	43.5		
31	3	-6.5	39.5		
35	14	-14	43		
34	33	-3	44		
23	17	-3	39.5		
28	32	-16.5	41.5		
16	0	-4.5	48		
6	13	-16.5	43		
24	31	-3	52	72	0
17	24	-10.5	46.5		
7	20	-1	45.5		
16	17	-1.5	41		
38	20	-2.5	42.5		
24	22	-3.5	54.5		
26	37	-6	42.5		
23	22	-3	50		
6	30	-5.5	42.5		
10	37	-3.5	44.5	72	0
31	21	-7	43.5		
25	36	-2	47.5		
17	27	-3.5	47		
37	10	-3	49.5		
30	42	-3	54.5	72	0
42	24	-17	42.5		
30	23	-4	37		
21	27	-4	44		
16	30	-3	50	72	0
23	20	-2.5	43.5	72	0
0	9	-5.5	47.5		
0	33	-1	46.5	72	0
19	9	-3.5	50		
20	27	-3	48.5		
13	31	-2.5	42.5		
16	17	-10	39		
31	26	-10	43		
27	24	-16.5	42	72	0
15	13	-7.5	48.5	72	0
29	15	-1	39.5		
24	31	-3.5	41		
24	10	-6.5	49	72	0
27	13	-6	52	72	0
31	9	-6	42	72	0
51	13	-6.5	40		
27	23	-5	47.5		
27	14	-12	48.5		
25	28	-10	43		
37	20	-12.5	48	72	0
24	9	-4	40.5		
30	20	-2	45.5		
24	19	-14	44		
3	26	-10	43	72	0
26	23	-3	44.5		
26	11	-10.5	37		
26	18	-3.5	43		
31	24	-4	39		
22	14	-1	46		
26	24	-5.5	45.5		
40	34	-4	50		
18	37	-3	42.5		
26	24	-2.5	51		
20	13	-5	41		
13	49	-1	40		
19	16	-4	51		
24	28	-6.5	48.5		
24	16	-1	49		
12	16	-6	38		
9	26	-10.5	44		
34	27	-3	42		
17	12	-3	48	72	0
30	27	-5	49		
35	32	-11	44	72	0
24	27	-13.5	51.5	72	0
21	7	-3	43		
41	7	-4.5	43.5		
3	29	-5.5	51.5		
27	35	-6	49		
33	13	-6.5	46.5		
17	7	-3	41.5		
20	37	-4.5	51		
27	23	-4	49		
17	10	-7	46.5	72	0
10	17	-2.5	41.5	72	0
36	26	-5.5	40		
17	34	-7	41		
17	34	-10	40	72	0
17	24	-13	48		
20	17	-4.5	45		
22	35	-10	44		
20	3	-5	50.5		
19	14	-2	37.5		
10	16	-5.5	52.5		
41	24	-3.5	46	72	0
13	9	-3.5	51.5	72	0
34	31	-3.5	37		
34	3	-6	41		
9	17	-6.5	37		
37	8	-11	46		
42	20	-5.5	44.5		
19	16	-10	46.5	72	0
6	45	-3	44.5		
18	26	-2	45.5		
15	26	-3	48		
20	24	-4	42.5		
7	34	-4	40		
20	17	-3.5	47		
21	29	-7	48	72	0
22	6	-6.5	46.5	72	0
23	20	-5.5	37	72	0
28	22	-2.5	47	72	0
17	31	-5.5	45		
11	28	-10.5	38.5		
40	9	-3	43		
37	31	-4.5	38.5		
13	31	-3	47	72	0
20	13	-1	41.5	72	0
37	30	-3	46.5		
31	24	-10.5	49.5		
17	23	-10	44.5		
40	20	-6.5	43.5		
17	24	-1	40		
27	19	-2.5	48.5		
20	15	-3	43		
24	38	-2.5	43.5	72	0
10	45	-3.5	48	72	0
28	12	-6	44		
20	7	-6.5	43.5		
16	23	-13	42		
46	48	-8	42.5	72	0
22	21	-3	42		
21	42	-1	47.5		
38	35	-11.5	44	72	0
23	17	-3	48.5		
42	21	-1.5	45	72	0
38	24	-5	47		
24	30	-2.5	47		
13	34	-3	46.5		
44	21	-9.5	45		
17	38	-17	44		
21	13	-3	49	72	0
23	3	-6	48.5		
10	39	-10.5	41.5		
36	20	-1	48.5	72	0
16	20	-6	46	72	0
10	17	-4.5	41		
22	29	-9	43		
21	24	-1	45		
27	37	-3.5	46.5		
34	7	-6.5	46		
24	17	-1	37		
34	31	-10	49.5		
20	23	-3	50		
24	12	-6.5	38.5		
3	26	-8.5	49	72	0
15	31	-6.5	38.5		
27	17	-7	45.5		
38	6	-3	50.5		
17	24	-7	48	72	0
38	35	-7	45.5		
16	10	-10	49		
17	9	-7.5	40		
13	27	-7	46.5	72	0
28	38	-7.5	45		
35	41	-1.5	45		
10	23	-3	36.5		
28	10	-2	46.5		
6	13	-8	51		
10	42	-3	49		
33	23	-1	42		
47	16	-4	46.5	72	0
16	15	-1	35		
20	23	-1	37		
14	35	-14	44.5		
38	20	-2.5	43.5		
31	21	-12.5	47.5	72	0
31	24	-4.5	41		
19	21	-13	44	72	0
24	27	-10	43	72	0
17	34	-5.5	41.5		
21	26	-9.5	46		
22	28	-7	45.5		
22	19	-4.5	36	72	0
13	20	-17	45.5		
20	26	-3.5	44.5		
9	17	-3.5	47		
12	28	-1	48.5		
27	10	-2.5	43	72	0
28	23	-4.5	45	44	4
51	31	-7.5	49.5	72	0
35	24	-1	44.5	41	17
37	20	-10	47.5	69	12
31	20	-7	44.5	56	11
34	20	-4.5	45.5	23	8
25	38	-10	50.5		
38	6	-7	51		
27	17	-8	46.5	58	5
30	34	-1.5	53	64	
13	16	-9	54		
23	27	-1	49	72	0
27	20	-7	47.5		
20	17	-6.5	39.5		
34	43	-3	48		
21	11	-3	41.5		
34	23	-2.5	42.5	72	0
20	24	-8	45		
27	17	-2	51.5	72	0
14	16	-2.5	44.5	72	0
16	26	-7	41.5		
35	30	-3.5	47.5	72	0
30	15	-6.5	48		
17	13	-5	42		
40	39	-3	41		
42	21	-5.5	45		
16	33	-6	43		
28	11	-7	46.5	72	0
20	23	-5.5	42		
28	31	-3.5	53.5	72	0
13	31	-6	50		
19	37	-7	49	72	0
26	21	-3	49	72	0
35	30	-8.5	47.5	72	0
31	17	-5.5	42		
33	30	-7	41.5		
34	24	-1.5	45.5		
13	31	-6.5	40.5		
23	26	-4	44.5		
26	30	-8	47		
35	32	-7.5	44		
34	20	-5.5	48.5	72	0
10	28	-3	48		
36	7	-5.5	55.5	72	0
16	21	-3	47	72	0
30	31	-2	47		
36	20	-7	44.5		
30	37	-6	42.5		
9	36	-11.5	44	72	0
23	23	-6.5	43.5	72	0
28	21	-2.5	50	72	0
38	31	-6.5	47		
20	34	-3	53	72	0
28	37	-3	43		
31	21	-4.5	47.5		
11	19	-4	46		
33	25	-5	56.5		
38	49	-3	54		
29	35	-1.5	41		
23	31	-3	51.5		
23	30	-3	43		
17	9	-2.5	49		
23	31	-3.5	56	72	0
20	25	-3	54.5	72	0
38	31	-3.5	53.5	72	0
17	31	-3	53	72	0
30	16	-13	48.5	72	0
26	10	-5.5	54.5		
20	19	-7.5	45		
16	23	-7	42.5		
27	3	-14	45		
32	23	-7	56.5		
37	34	-7	53		
30	14	-3.5	44.5		
32	40	-2.5	54	72	0
10	30	-11	50.5		
38	29	-1	48		
17	43	-8	53	72	0
27	26	-5.5	54.5	72	0
10	30	-10.5	54.5		
30	27	-7	47.5		
42	16	-7	43.5		
16	23	-7.5	51		
31	27	-6.5	56.5		
16	34	-7	46		
24	0	-7	49.5	72	0
23	40	-3.5	53		
12	18	-1.5	44.5		
20	19	-7.5	45.5	72	0
28	30	-3	54.5		
38	7	-9	47		
24	16	-4	54	72	0
38	10	-8	45		
42	36	-2.5	43		
17	26	-10	46.5		
10	38	-3	51		
22	21	-2.5	51.5		
37	34	-1	55		
22	23	-3.5	53.5		
34	37	-5	57.5		
16	43	-1	55	72	0
20	35	-4.5	45		
20	45	-3.5	56	72	0
39	29	-2	55	72	0
6	33	-3	51		
27	24	-7	46		
10	18	-3	57	72	0
24	27	-3.5	52	72	0
25	3	-7.5	48.5	72	0
24	10	-3	44.5		
17	25	-6.5	50	72	0
24	28	-10	46		
24	21	-1	51		
23	26	-1	45		
31	20	-6	45	72	0
6	16	-2	51		
31	30	-4	46		
21	41	-4.5	40.5		
22	28	-4	43		
35	9	-7	50.5		
28	17	-1.5	48		
23	9	-3.5	44.5		
37	27	-3	49.5	72	0
23	25	-6.5	50		
17	34	-19.5	49		
31	34	-3.5	45.5		
34	27	-11.5	42.5		
44	34	-3	53.5		
19	24	-12.5	45		
10	24	-7.5	48.5		
25	27	-5.5	49	72	0
33	31	-4	49	72	0
26	31	-3	55		
34	20	-14	44	72	0
3	38	-1	48	72	0
24	17	-6.5	49.5		
20	23	-10	51.5		
27	30	-1	52.5	72	0
17	34	-4	52	72	0
32	30	-4	50.5		
23	46	-6.5	47		
10	7	-2.5	43		
30	27	-9.5	41.5		
24	20	-1	48.5		
37	12	-2.5	56	72	0
23	16	-6	51		
29	21	-4	45.5		
23	17	-3	46	72	0
27	13	-14	47.5		
27	17	-3.5	50.5	72	0
36	10	-3	54.5	72	0
13	19	-2	48.5		
28	21	-7	43.5		
24	30	-9.5	49.5	72	0
20	0	-4	44.5		
22	17	-7	46.5		
20	13	-3	43.5		
27	20	-3	57.5		
34	31	-6	50		
3	27	-1.5	46.5		
31	35	-3	47		
34	28	-3.5	46		
28	31	-2.5	49	72	0
24	9	-1.5	51.5	72	0
20	9	-10.5	46		
24	27	-7.5	57	72	0
16	41	-9.5	46.5	72	0
25	41	-7	48.5	72	0
43	6	-3.5	49	72	0
27	17	-1.5	47		
17	19	-4.5	48		
3	31	-3	46	72	0
41	25	-3	51	72	0
26	45	-3	53.5	72	0
25	27	-4.5	52		
20	23	-6	44.5		
28	27	-14.5	36.5		
20	17	-9.5	44		
3	20	-3	51.5	72	0
24	27	-7	48.5		
17	23	-6.5	44.5	72	0
19	14	-3	50	72	0
28	38	-2	49		
16	21	-7	44.5		
30	34	-3.5	56		
30	16	-6.5	49		
20	26	-5	44.5		
22	16	-2.5	48.5	72	0
0	45	-2.5	46	72	0
19	7	-3	44		
27	24	-8.5	49.5		
28	31	-3.5	50	72	0
12	17	-13	51.5		
35	41	-2	47	72	0
17	23	-10	43		
24	34	-10	51.5	72	0
34	17	-7.5	48.5		
24	3	-11	48		
26	15	-3.5	53.5		
27	32	-6	43.5		
36	7	-1.5	48	72	0
7	30	-8.5	45.5		
24	31	-5	43.5	72	0
10	31	-2	48.5		
27	44	-4	45.5		
20	17	-1	46.5		
27	33	-3	44		
7	26	-9	55.5	72	0
24	21	-7.5	53		
15	23	-2.5	52	72	0
40	3	-1	49	72	0
26	14	-7	51.5		
42	47	-3	47.5		
27	30	-7.5	42.5		
19	48	-3	43.5		
24	16	-16.5	49		
33	26	-7	52.5		
27	31	-3	45.5		
40	14	-3.5	52.5	72	0
41	33	-6	48		
27	20	-9	53		
20	23	-6	49.5	72	0
22	12	-6	49.5	72	0
27	33	-12.5	49		
29	32	-4	45.5	72	0
6	20	-7.5	52.5	72	0
46	25	-17	44.5	72	0
15	20	-1	40		
27	17	-3	47	72	0
52	33	-2.5	54	72	0
12	20	-6.5	44.5		
7	47	-8.5	54		
25	26	-6	44		
27	13	-14.5	40.5		
37	17	-6.5	49.5	72	0
40	14	-6	49	72	0
31	37	-12	55	72	0
17	41	-2.5	50	72	0
17	14	-9.5	43.5		
19	16	-3	50.5	72	0
23	16	-3	52.5		
28	24	-7.5	46	72	0
20	9	-9.5	47		
13	20	-11	54		
9	38	-2	47.5	72	0
56	26	-6.5	45		
7	33	-1	42.5		
16	35	-1.5	48		
3	38	-1	42		
24	22	-7	47		
31	32	-3	42.5		
35	37	-6	46.5		
38	41	-4.5	48.5		
28	14	-13.5	45		
21	38	-10.5	44.5		
18	7	-2.5	50.5		
28	14	-3	53.5	72	0
23	19	-7	55.5	72	0
14	20	-15.5	48	72	0
23	26	-6.5	43		
44	27	-1	42	72	0
27	24	-3	41		
20	30	-1.5	43.5		
23	31	-6.5	43.5		
21	9	-7	45		
37	48	-7	51		
13	20	-7	50.5	34	6
17	3	-3	42.5	39	1
32	18	-10	45	40	10
22	17	-11	48	72	0
20	30	-5.5	47.5	34	1
26	31	-3.5	53.5	33	1
38	24	-2.5	49.5	34	13
31	9	-7	45	35	13
31	29	-8	56	40	13
6	32	-2.5	53	72	0
16	23	-3	53	29	10
19	14	-3	55	40	7
27	24	-3	54.5	63	9
33	41	-7.5	51.5		
37	21	-3.5	48	72	0
16	28	-6.5	48.5		
33	29	-5	44.5		
34	14	-3	48		
16	17	-7.5	46	72	0
38	3	-3	44.5	72	0
13	27	-2.5	48.5	72	0
13	38	-6	53		
16	20	-7.5	44.5	72	0
33	27	-2.5	44.5		
30	29	-4	49.5		
34	33	-2.5	42.5		
36	35	-3	51.5		
26	7	-1	44.5		
20	17	-4.5	51	72	0
31	21	-3	41		
24	27	-4	51	72	0
13	23	-4	55.5		
17	20	-3.5	44		
0	35	-3	45		
6	25	-12.5	48		
11	17	-4	47.5	72	0
17	26	-6	45.5		
30	33	-3	55	72	0
48	25	-3	48		
35	17	-5.5	42.5		
9	24	-3.5	50		
43	21	-6	47.5		
26	6	-5.5	54		
26	0	-12.5	52		
17	19	-10.5	48		
19	31	-8	43	72	0
24	30	-7	45.5		
31	28	-7.5	45		
34	24	-10	41.5		
30	17	-7.5	51	72	0
13	28	-8	51.5		
14	17	-7	55		
10	24	-3.5	45	72	0
28	30	-1	55	72	0
25	16	-2	54	72	0
41	21	-3	43.5		
24	21	-2.5	48		
30	34	-2.5	42.5		
40	0	-3	50.5		
24	14	-5	47		
36	28	-3.5	51.5	72	0
7	23	-7.5	46		
27	17	-2	47.5	72	0
20	37	-19	47.5		
17	27	-3	41.5		
7	14	-4.5	51.5	72	0
17	19	-1	44		
21	27	-6	45		
27	24	-4	54	72	0
30	42	-2.5	41.5		
21	28	-1	52	72	0
28	14	-6.5	49		
17	26	-7	42.5	72	0
17	10	-6	44.5		
27	20	-7	54		
18	21	-2.5	52		
22	25	-3	51.5	72	0
44	20	-2.5	53.5		
22	25	-6	48.5	72	0
19	37	-3	45.5		
20	38	-2.5	46		
9	20	-2	50		
47	42	-7	52.5	72	0
19	17	-8	39	72	0
27	19	-4.5	49		
45	17	-3	57		
22	33	-5.5	46	72	0
31	25	-2.5	47	72	0
22	28	-10	49.5	72	0
34	6	-1.5	40		
28	34	-11	48		
14	24	-2.5	43.5		
14	37	-7.5	46.5		
24	34	-7	53		
11	34	-3	51		
31	3	-2.5	45.5		
23	20	-5.5	44		
29	35	-3	48		
11	38	-5	45		
23	20	-3.5	46.5	72	0
13	31	-11.5	45	72	0
34	31	-1.5	47.5		
17	14	-3.5	50.5		
31	5	-7.5	49		
17	41	-5.5	43		
24	10	-6.5	54		
33	22	-6	53.5		
28	19	-2	40		
28	30	-20	47.5	72	0
54	13	-6.5	46		
25	3	-8.5	48		
18	30	-1	48	72	0
38	3	-16	51	72	0
27	3	-1.5	47.5		
10	13	-7	42.5		
21	24	-3	43		
13	19	-3.5	41.5		
26	11	-12	47		
22	33	-4	58.5		
10	15	-6	42		
17	10	-6.5	51	72	0
6	44	-2.5	47	72	0
22	38	-15	48.5		
31	34	-4.5	40		
24	27	-5.5	43		
16	20	-4	45		
36	27	-3	48	72	0
34	31	-16.5	47	72	0
31	7	-3	51	72	0
20	17	-3.5	50.5	72	0
45	30	-4	49	72	0
34	31	-4	48	72	0
6	24	-11.5	43		
16	41	-4	44.5		
16	30	-10.5	53		
9	6	-10	45.5	72	0
13	7	-7	51		
16	28	-3.5	41.5		
17	9	-2	47.5		
25	27	-10	50	72	0
23	16	-14.5	48.5		
24	27	-7	48		
17	31	-7	53	72	0
29	27	-4	45		
22	10	-6.5	43	72	0
10	34	-3	47		
43	3	-1	49.5		
13	30	-5.5	44.5		
17	0	-7	40		
23	17	-8.5	47		
14	41	-7	41.5	72	0
20	27	-7.5	55	72	0
45	7	-1	44.5		
17	45	-3	49		
16	16	-10.5	48	72	0
23	21	-2.5	54	72	0
29	19	-3	53.5	72	0
31	10	-2.5	45		
0	25	-13.5	48.5		
15	41	-6	40.5		
21	27	-3	42.5		
13	16	-10	50.5		
13	10	-3.5	50		
10	30	-7	47	72	0
19	9	-7	49.5		
13	32	-3	43		
41	37	-1	40.5		
34	31	-13.5	42.5		
17	24	-6.5	45.5		
40	29	-2.5	56		
13	23	-2	50.5	72	0
13	22	-6	47.5	72	0
30	10	-1	47	72	0
33	36	-3.5	44.5		
14	16	-3	42		
6	31	-4.5	45		
16	10	-10	44.5		
41	10	-11.5	50		
28	13	-7	51	72	0
36	28	-2	41.5	72	0
14	21	-7	45	72	0
31	38	-3	47.5		
14	21	-3.5	43.5		
33	10	-3	47		
36	13	-2	46.5		
13	7	-3	44.5	72	0
34	26	-3	53	72	0
17	15	-1.5	46		
17	27	-1	41		
17	30	-7	43		
22	33	-4	45		
22	41	-4	49		
29	27	-1.5	46.5		
0	31	-6.5	45.5	72	0
22	9	-10.5	51	72	0
15	17	-7.5	43		
37	7	-2.5	49.5		
20	9	-7	47	72	0
18	33	-10	45.5	72	0
20	19	-8.5	46.5		
30	23	-1.5	47.5	72	0
10	14	-14	48	72	0
36	28	-7	40		
21	29	-5	44		
23	26	-4	44		
24	22	-3	45		
38	10	-3	39.5	36	19
45	30	-3.5	45	72	0
13	33	-2.5	41.5		
48	9	-1.5	49		
37	21	-3	44		
9	30	-12.5	42		
33	27	-12	43		
20	0	-9.5	41	72	0
20	27	-9.5	48		
23	30	-9	43.5	72	0
28	34	-4.5	42		
27	17	-3.5	52.5		
30	31	-8.5	44.5		
31	14	-6.5	48		
10	15	-3	51	72	0
30	12	-3	54	72	0
16	30	-1.5	46	72	0
31	24	-9	45.5	43	11
6	21	-14.5	43	30	8
19	13	-3	44	61	19
31	13	-13	48.5	72	0
0	9	-6	40	80	12
9	17	-10	42	82	9
14	16	-12	43.5	37	8
20	10	-1	44	32	11
27	17	-9	47.5	46	0
20	17	-11.5	45.5	75	0
16	22	-7	47	37	8
24	22	-1	40.5	40	8
20	16	-7	47	72	0
6	32	-10	39.5	42	7
41	21	-3.5	45.5	48	7
56	14	-3	48	72	0
41	29	-7.5	46.5	35	11
36	10	-7.5	42.5	72	0
17	13	-11	44.5	73	8
23	30	-7.5	43.5	52	0
21	33	-10	46	72	0
26	21	-13	45.5	72	0
34	10	-10	44.5	60	22
24	25	-1	41.5	72	0
3	20	-3	48.5	72	0
19	20	-1	43.5	38	13
29	15	-2.5	43	47	0
29	3	-11	41	53	9
34	31	-7	41	25	11
22	25	-3	37.5	72	0
37	10	-7	46.5	59	6
20	23	-14	46	26	11
34	13	-6.5	36.5	25	13
50	10	-3.5	51	33	13
18	10	-6.5	52.5	72	0
24	28	-13	42.5	11	9
23	7	-8.5	46.5	72	0
51	29	-7.5	46	72	0
34	3	-17.5	41.5	46	4
16	20	-7	37	72	0
26	14	-14	47.5	57	9
24	28	-13.5	44.5	50	6
26	51	-8.5	41.5	37	0
30	38	-3	41	43	13
20	30	-4.5	44.5	62	4
13	16	-2	42	25	12
27	10	-11.5	44.5	41	4
21	16	-6	46.5	31	8
37	30	-5	48.5	72	0
25	28	-4.5	40	72	0
26	11	-3	41	36	0
35	32	-16	42	36	19
24	27	-6.5	38	36	33
33	24	-4	45	72	0
31	17	-10.5	43	72	0
7	22	-14	43	76	19
41	17	-3	49.5	72	0
47	17	-3.5	46.5	72	0
26	19	-6	41	75	8
17	23	-3.5	44.5	72	0
42	21	-6	36	38	0
31	15	-10.5	43.5	80	4
34	11	-4.5	43	7	8
10	13	-6	48.5	31	12
16	19	-3.5	51	72	0
42	36	-12.5	47	30	8
27	30	-7	47	66	21
24	27	-3.5	49	72	0
20	17	-5.5	47	15	12
20	23	-4	48.5	35	0
10	31	-2.5	54	35	6
21	44	-3	48	50	11
26	27	-7	54.5	41	4
24	26	-3.5	46	72	0
19	10	-4.5	48.5	72	0
20	23	-2	52	72	0
3	19	-6	54	72	0
35	38	-5.5	44	72	0
20	20	-1	42		
24	19	-6.5	38		
20	7	-7	44.5		
23	7	-2.5	49.5	72	0
9	24	-5.5	48.5	72	0
20	21	-7	45.5	72	0
28	22	-3.5	52.5	72	0
17	16	-3	46.5		
27	24	-2	46.5	72	0
38	42	-6.5	44		
30	31	-5.5	44		
20	17	-3	43		
16	9	-6	44		
36	27	-4	52.5		
27	10	-3.5	44		
24	0	-6.5	38.5		
23	29	-7	42	72	0
31	27	-10	45.5		
10	20	-1	48	72	0
19	16	-10	42		
14	17	-3	43.5		
27	7	-5.5	52	72	0
41	7	-10	46	72	0
24	7	-2.5	43.5	72	0
29	17	-1	43.5		
12	20	-3	40		
22	14	-8.5	39.5		
23	20	-10	47.5		
11	10	-2.5	49.5		
20	17	-4.5	38		
10	38	-3.5	48.5	72	0
21	19	-2	41		
28	24	-3	39		
26	37	-1.5	45		
12	27	-5	51	72	0
23	27	-6.5	46.5	72	0
12	14	-4	54.5		
24	22	-6.5	51.5	72	0
8	24	-2.5	44.5		
16	23	-6.5	46		
27	15	-1	43.5		
23	20	-1.5	42		
20	23	-2	45.5		
16	26	-6	47.5		
25	10	-1	38.5		
45	48	-4	49		
27	24	-1	48.5	72	0
24	34	-3	50		
17	24	-1	43.5		
32	23	-3	41	72	0
25	28	-3.5	48.5	72	0
20	12	-9.5	40		
29	21	-5.5	45	72	0
20	24	-3.5	43	72	0
31	41	-2.5	45.5	72	0
24	9	-4	42		0
9	12	-3	39.5		
17	20	-6.5	44		
19	17	-3	41		
38	3	-1.5	47.5		
15	37	-1.5	42.5		
28	30	-3	42		
22	27	-5.5	49	72	0
6	13	-3	48		
10	22	-14	44.5		
29	22	-6	40		
29	0	-1.5	46.5		
39	32	-9	42		
40	17	-7	43.5		
21	15	-5	41.5	72	0
17	21	-8.5	44	72	0
30	29	-3	47		
7	12	-5.5	45	72	0
28	14	-3	46		
15	38	-10.5	46		
10	27	-1	43		
34	27	-7	51.5		
20	24	-1	38		
24	10	-4	45.5	72	0
16	24	-2.5	43		
26	30	-7.5	45		
24	20	-1	41	72	0
26	17	-2.5	54		
20	18	-10	41	72	0
19	9	-3	45		
19	16	-3	42.5	72	0
42	34	-5.5	45.5		
23	20	-6.5	42.5		
21	3	-10	46.5		
35	17	-2.5	50.5		
24	6	-4	45.5	72	0
9	16	-2.5	43.5	72	0
17	23	-6.5	46.5		
38	20	-13	39.5		
23	37	-6.5	47.5		
16	10	-7	49.5	72	0
23	44	-2	37		
19	10	-3	43.5		
23	21	-7	46	72	0
14	33	-4.5	51	72	0
22	27	-7	44		
37	34	-1	49		
27	17	-2.5	42.5		
49	29	-4	41.5		
27	31	-8.5	40		
10	17	-2	46		
16	17	-4	41	72	0
17	21	-10.5	47		
14	31	-10	42.5	72	0
34	26	-3.5	52	72	0
24	0	-1	39.5	72	0
17	22	-3	40	72	0
35	13	-1	40.5		
27	13	-1	42	72	0
32	13	-4	48.5	72	0
17	29	-1	48.5	72	0
21	31	-3	40		
17	20	-11.5	43		
32	35	-3	44.5		
42	21	-3	45		
15	9	-14	45.5	72	0
27	20	-2	49	72	0
20	17	-2.5	49.5	72	0
26	3	-4	46		
20	17	-7	42.5		
16	13	-4	49.5	72	0
17	20	-2.5	48		
13	27	-14	45		
25	15	-5	40		
30	33	-10.5	46		
30	31	-3	42.5		
31	28	-3	43.5		
27	17	-1.5	46	72	0
20	25	-2.5	41.5		
17	27	-6	46		
39	17	-3	48.5		
24	16	-3.5	44.5		
20	10	-9.5	51.5		
22	16	-4	41	72	0
21	16	-3.5	38	72	0
17	10	-3	49.5		
21	32	-4.5	41		
17	27	-1	39.5		
27	24	-8	45.5		
13	3	-2.5	45		
31	23	-2.5	39.5		
16	22	-11	43		
10	23	-3	40.5		
16	17	-2.5	48.5	72	0
27	30	-12.5	41.5		
3	40	-7.5	50.5	72	0
10	3	-2.5	41.5		
27	20	-3	41	72	0
18	31	-6	45	72	0
30	37	-5.5	53	72	0
10	38	-2	48.5	72	0
28	20	-3.5	38		
25	28	-2.5	39.5	72	0
33	26	-3	44.5		
24	25	-3.5	39.5		
23	10	-10	43		
23	17	-10	45.5	72	0
28	27	-9.5	55	72	0
26	10	-2.5	41.5	72	0
30	15	-2.5	48.5	72	0
31	10	-1	36		
40	33	-3	42		
13	0	-3.5	43		
34	40	-15.5	42		
16	20	-14	47.5		
19	13	-7.5	37.5		
17	24	-6.5	46.5		
10	24	-8.5	43.5		
16	19	-4	47.5		
10	9	-1	42		
19	28	-3.5	40		
27	24	-2.5	39.5	72	0
54	19	-4	44		
40	14	-1.5	43	72	0
14	27	-9	40		
27	20	-3.5	45		
23	27	-2.5	53.5		
27	22	-11	44.5	72	0
20	20	-1	51	72	0
35	10	-7.5	46.5	72	0
33	17	-2.5	49.5	72	0
17	16	-6.5	41	72	0
17	16	-3	44	72	0
20	12	-2.5	40.5		
23	10	-4.5	44.5		
27	23	-5	45.5		
28	34	-3	40.5		
34	23	-6.5	41.5	72	0
23	17	-10	43.5		
22	48	-4	47		
14	16	-17	44.5	72	0
35	7	-9	44		
24	30	-2	51.5	72	0
22	36	-3	55	72	0
13	27	-7	44.5		
13	21	-2	37		
32	29	-3.5	38.5		
13	3	-4	44		
39	36	-3	41.5		
16	24	-2.5	44	72	0
20	25	-3	42.5		
24	15	-7	43.5		
24	30	-3	39		
40	34	-3.5	47	72	0
30	24	-2.5	37		
17	14	-8.5	48		
21	18	-1.5	37		
17	20	-14.5	48.5	72	0
23	34	-4	48		
12	20	-2.5	45.5	72	0
24	12	-3	46.5	72	0
3	19	-5	43.5	72	0
17	9	-2	44		
37	23	-3.5	47.5		
13	35	-4	40.5		
10	17	-7.5	39.5		
40	34	-2.5	36.5		
24	10	-6.5	35		
27	24	-2.5	43.5		
18	22	-8	40.5		
13	10	-3	32		
37	20	-4	48	72	0
14	19	-10	50.5		
16	19	-4.5	48	72	0
51	14	-3	41.5		
20	26	-2	38		
3	20	-6.5	37		
13	27	-3	34		
20	19	-7.5	41.5	72	0
13	16	-3	36	72	0
41	10	-3.5	49.5		
41	17	-3.5	44.5	72	0
3	31	-14	40.5		
27	24	-6.5	40.5	72	0
34	37	-1	35.5		
31	10	-4.5	52.5	72	0
23	21	-3.5	47.5		
38	10	-3.5	43	72	0
10	20	-12.5	45.5		
23	6	-10	41	72	0
30	24	-6.5	41	72	0
10	24	-3	41.5		
20	16	-5.5	38.5		
13	31	-5	42		
30	17	-1.5	43		
35	23	-3.5	40.5		
13	29	-2	41.5		
27	16	-6.5	39.5		
31	28	-8.5	52	72	0
16	20	-6	40.5	72	0
31	32	-8	44		
11	6	-6.5	42.5		
7	10	-11	39		
22	16	-6.5	39		
28	14	-4	48		
38	13	-3	37.5	72	0
19	16	-3.5	37.5		
26	6	-3.5	41.5	72	0
31	30	-17	43		
41	23	-2.5	40		
34	31	-14.5	40		
24	17	-4.5	43		
24	31	-7.5	41		
14	31	-2.5	46.5		
27	20	-9.5	42	57	11
38	7	-14	44.5	27	4
10	27	-8	40	30	4
19	12	-2.5	48	72	0
23	20	-2.5	45.5	58	2
31	7	-9.5	52	36	6
35	38	-8	48	40	6
20	21	-6	48.5	32	4
24	10	-3.5	46.5	55	19
25	9	-1.5	48	22	13
20	38	-2.5	45.5	52	14
24	3	-1	51	76	8
16	17	-4.5	53		
21	31	-3.5	39.5	72	0
34	36	-9.5	43.5		
17	20	-1	41.5		
20	25	-2	47.5		
16	15	-3.5	43		
0	40	-4.5	46	72	0
7	30	-3	51	72	0
13	30	-5	46	72	0
20	16	-3.5	44.5		
22	16	-3	41.5	72	0
34	28	-3.5	45		
28	31	-2	41.5		
25	24	-5	46		
38	10	-7	38		
24	27	-2	45.5		
30	10	-6	49		
33	35	-4	39.5	72	0
31	37	-1.5	40	72	0
20	31	-8	47		
9	17	-3	45.5		
23	30	-8.5	38.5		
17	24	-3.5	38.5		
27	17	-4.5	47	72	0
27	24	-1	39.5	72	0
17	20	-3	51		
26	22	-7.5	45	72	0
30	12	-2.5	46.5		
28	16	-2.5	41		
19	22	-2.5	45.5		
27	3	-3	39.5		
20	6	-2	38		
18	17	-10	44		
17	37	-13	43	72	0
41	10	-8	43		
18	23	-3.5	38.5		
70	20	-3	46	72	0
24	28	-1	42		
10	15	-7.5	43.5		
37	27	-12.5	48		
3	37	-2.5	43	72	0
19	16	-6	47		
11	25	-1	54	72	0
20	34	-2.5	36		
48	20	-5	42		
13	21	-6	43		
28	31	-2	43.5		
3	28	-5	45		
38	3	-1.5	46		
30	6	-2.5	53.5		
23	29	-4.5	46.5		
23	7	-3	46.5		
24	17	-2.5	38.5		
9	26	-6	43.5		
20	23	-3	42	72	0
34	31	-1	45.5	72	0
35	16	-3	42.5		
27	3	-6	48	72	0
3	24	-3.5	40	72	0
20	40	-8.5	41.5		
20	34	-9	43		
21	19	-14	43.5		
20	25	-2.5	41		
21	31	-1.5	47		
42	24	-6	44.5		
23	16	-3	45	72	0
14	23	-2.5	42	72	0
31	16	-5	48.5		
20	27	-2	42.5		
0	34	-9	43.5	72	0
17	10	-2.5	43.5	72	0
42	10	-3.5	50.5	72	0
17	13	-13	47.5		
19	8	-3.5	52.5	72	0
16	24	-1.5	38.5		
14	9	-4.5	38.5		
13	19	-3.5	45.5		
17	13	-2	45	72	0
19	17	-10.5	47.5		
20	13	-1.5	42	72	0
37	20	-15	43.5		
21	17	-3	44.5		
26	9	-3	45.5		
42	21	-9.5	36		
20	14	-2.5	41.5	72	0
6	20	-4	44		
16	24	-3	41.5	72	0
17	20	-7	48	72	0
24	31	-14	47.5		
38	6	-6.5	43.5		
30	12	-3	43		
19	17	-5.5	42.5		
38	39	-1	50	72	0
31	17	-2.5	41	72	0
17	24	-3	43.5		
29	25	-2.5	38.5		
14	7	-1.5	44		
31	17	-3.5	39.5	72	0
20	10	-5.5	48.5		
13	16	-3.5	44	72	0
22	17	-7.5	41		
24	18	-3	37		
24	31	-3	52		
15	13	-9	43.5		
43	20	-3	37.5		
24	9	-7	44	72	0
10	24	-10	43		
27	38	-9.5	45	72	0
30	13	-3.5	43		
31	17	-7	45.5		
10	13	-7	45.5		
10	20	-1.5	41.5		
17	31	-2	43.5	72	0
24	20	-9.5	46	72	0
28	23	-8	47		
31	38	-3	34.5		
26	14	-2.5	40.5		
20	16	-4	44		
28	31	-4	38.5		
37	3	-2.5	35.5		
13	27	-7	43		
24	18	-7	46	72	0
27	0	-3	37		
20	3	-3.5	39	72	0
39	37	-6	44.5		
21	14	-1.5	45		
30	6	-1.5	51		
17	20	-13	38		
24	17	-3.5	37.5		
28	23	-2.5	40	72	0
6	27	-1	51		
16	13	-1.5	38.5	72	0
25	23	-3	40.5		
31	33	-9	42	72	0
27	30	-3	46.5		
49	17	-3	41		
3	34	-3.5	38		
16	12	-2	43.5	72	0
38	41	-6	38		
27	19	-5.5	45.5		
6	10	-17.5	39		
23	19	-3	44.5		
29	26	-1	35.5	72	0
20	6	-2.5	48.5	72	0
22	24	-3	40.5	72	0
34	20	-1.5	42.5		
32	6	-3	38.5		
10	33	-6	44		
13	10	-2.5	39		
21	20	-7.5	47.5		
31	26	-4	46.5		
23	20	-8.5	39		
21	16	-11	43		
34	14	-2	34.5		
17	16	-2.5	43		
20	13	-8	48	72	0
27	14	-3	44		
19	31	-5	48	72	0
17	21	-6.5	40		
45	10	-2	46	72	0
22	29	-14	44.5		
13	31	-13.5	41.5		
13	34	-8.5	39		
14	37	-2.5	46		
24	15	-13	48		
10	16	-8.5	47	72	0
29	12	-7	43		
21	24	-9.5	40		
27	20	-3	45	72	0
17	31	-2	42	72	0
10	20	-2	37		
10	7	-1.5	37.5		
37	34	-1.5	47.5	72	0
17	10	-2.5	45	72	0
10	12	-9	42.5	72	0
41	35	-3	49	72	0
27	19	-4.5	36		
22	17	-2.5	48.5		
36	19	-3.5	35.5		
0	6	-3	43.5	72	0
28	33	-9.5	47.5		
8	13	-6	44		
19	42	-3	47	72	0
10	24	-3.5	39.5	72	0
14	10	-4.5	39		
28	31	-4	47.5	72	0
15	45	-2	33		
31	34	-3	46.5		
18	21	-6	41		
25	29	-3.5	36.5		
37	31	-1	42		
28	13	-9	49.5		
34	14	-10	41		
31	27	-5	30.5		
33	13	-1.5	41.5	72	0
17	20	-7.5	42		
0	3	-3	44.5		
7	24	-3	44.5		
28	6	-2	37.5		
30	6	-3.5	52.5		
28	16	-2	49.5		
27	28	-3	40.5	72	0
24	22	-3	46	72	0
63	21	-5	39	72	0
27	24	-3	33.5		
42	17	-14.5	44.5		
30	13	-13.5	45		
29	45	-5.5	37		
31	10	-3	35.5	72	0
9	7	-3	41		
20	17	-5	49	72	0
20	34	-1	41.5	72	0
7	23	-11.5	48.5	72	0
28	20	-2.5	49		
30	0	-2.5	32		
17	27	-3	37.5		
24	6	-4	41.5		
16	19	-4	42.5		
20	17	-6.5	48.5	72	0
30	22	-7	35.5		
22	24	-9.5	39.5		
34	11	-6	39.5	72	0
29	10	-3	38		
30	33	-4	46.5		
27	16	-4	45	72	0
23	26	-12.5	44.5	72	0
22	36	-3	39		
22	20	-2.5	44.5	72	0
24	30	-3.5	38.5		
30	28	-4.5	42		
30	12	-7	37.5		
17	20	-3	40	72	0
14	20	-1.5	48.5		
33	25	-2.5	47.5	72	0
19	33	-3	37		
37	20	-2	43		
20	19	-3	42		
56	19	-11	40.5		
27	21	-14	41.5		
37	17	-6.5	47.5		
16	9	-7	33.5		
26	3	-4	53		
23	20	-3	46.5		
26	0	-14.5	40		
25	17	-2.5	39		
10	33	-3.5	39		
25	26	-5	44	72	0
31	35	-3.5	42	72	0
23	30	-3.5	37.5		
13	23	-7	46.5		
10	27	-1	42.5	72	0
10	17	-6	43.5		
20	21	-12.5	48		
0	9	-4	40.5		
31	14	-2.5	42.5		
30	20	-14	48.5		
17	9	-3	34		
19	23	-3	48	72	0
27	14	-4.5	36.5		
12	13	-7	37		
14	21	-4	47.5	72	0
3	17	-2.5	46		
48	17	-1	47.5	72	0
27	10	-3.5	37.5	72	0
20	21	-3.5	35	72	0
28	20	-2.5	48		
10	38	-2	28.5		
45	14	-3	41.5	72	0
26	7	-5	43.5		
32	48	-5.5	40		
24	23	-3.5	41.5		
31	17	-13	47.5		
32	9	-2.5	45	72	0
34	10	-4.5	43.5	-4	19
24	21	-7	52.5	72	0
24	27	-3	53	72	0
31	23	-9	33	17	10
10	17	-3	43	65	2
34	31	-10	44	27	16
25	22	-10	50.5	59	8
		-2.5	46	25	11
		-6	49.5	72	0
		-4.5	44	47	7
		-7.5	53.5	69	5
		-2	47	72	0